dimwishlist:item=1119734784&perks=3250034553,106909392,1820235745,3425386926
dimwishlist:item=304659313&perks=981914802,3301904089,3436462433,4104185692
dimwishlist:item=304659313&perks=1478423395,3032599245,3161816588,4104185692
dimwishlist:item=108221785&perks=1332244541,3142289711,706527188,591790007
dimwishlist:item=541188001&perks=3250034553,106909392,4267945040,4104185692
dimwishlist:item=1621558458&perks=3250034553,1885400500,1570042021,957782887
dimwishlist:item=2492081469&perks=3250034553,1968497646,3436462433,3592538738
dimwishlist:item=1289000550&perks=3250034553,1687452232,2779035018,1427256713
dimwishlist:item=3813153080&perks=1926090095,1885400500,2039302152,591790007
dimwishlist:item=2414141462&perks=445755706,106909392,3436462433,1683379515
dimwishlist:item=852551895&perks=3250034553,2420895100,3300816228,1546637391
dimwishlist:item=2272470786&perks=3250034553,2420895100,3436462433,2848615171
dimwishlist:item=4255586669&perks=1478423395,3032599245,3300816228,3523296417
dimwishlist:item=4255586669&perks=981914802,3301904089,3436462433,1546637391
dimwishlist:item=3556999246&perks=3250034553,1968497646,3436462433,3523296417
dimwishlist:item=599895591&perks=3250034553,791862061,3300816228,4104185692
dimwishlist:item=2065081837&perks=1840239774,106909392,957782887,1546637391
dimwishlist:item=875848769&perks=3250034553,1968497646,3643424744,4104185692
dimwishlist:item=2782325302&perks=3666208348,1749209109,3913600130
dimwishlist:item=2782325301&perks=3666208348,1749209109,3708227201
dimwishlist:item=4281371574&perks=3250034553,106909392,247725512,3038247973

